1 0 5 0 19 0 35 0 35 1
5 0 1 0 9 0 19 0 35 0 35 1 83 0
9 0 5 0 11 0 35 1 83 0 87 0
11 0 9 0 15 0 83 0 87 0 103 0
15 0 11 0 87 0 103 0 273 0 305 0
19 0 1 0 5 0 25 0 35 0 35 1 41 0
25 0 19 0 35 0 35 1 41 0 49 0 65 0
35 0 1 0 5 0 19 0 25 0 41 0
35 1 1 0 5 0 9 0 19 0 25 0 83 0
41 0 19 0 25 0 35 0 49 0 65 0
49 0 25 0 41 0 57 0 65 0 73 0
57 0 49 0 59 0 65 0 73 0 75 0
59 0 57 0 73 0 75 0 147 0 163 0
65 0 25 0 41 0 49 0 57 0 73 0
73 0 49 0 57 0 59 0 65 0 75 0
75 0 57 0 59 0 73 0 147 0 163 0
83 0 5 0 9 0 11 0 35 1 87 0
87 0 9 0 11 0 15 0 83 0 103 0
103 0 11 0 15 0 87 0 273 0 305 0
147 0 59 0 75 0 153 0 163 0 169 0
153 0 147 0 163 0 169 0 177 0 193 0
163 0 59 0 75 0 147 0 153 0 169 0
169 0 147 0 153 0 163 0 177 0 193 0
177 0 153 0 169 0 185 0 193 0 193 1 201 0
185 0 177 0 193 0 193 1 201 0
193 0 153 0 169 0 177 0 185 0 201 0
193 1 177 0 185 0 201 0 241 0 249 0
201 0 177 0 185 0 193 0 193 1 241 0 249 0
241 0 193 1 201 0 245 0 249 0 253 0
245 0 241 0 249 0 253 0 261 0 269 0
249 0 193 1 201 0 241 0 245 0 253 0
253 0 241 0 245 0 249 0 261 0 269 0
261 0 245 0 253 0 269 0 463 0 471 0
269 0 245 0 253 0 261 0 463 0 471 0
273 0 15 0 103 0 277 0 305 0 321 0
277 0 273 0 281 0 305 0 321 0 369 0
281 0 277 0 283 0 321 0 369 0 373 0
283 0 281 0 287 0 369 0 373 0 389 0
287 0 283 0 289 0 373 0 389 0 561 0
289 0 287 0 293 0 389 0 561 0 577 0
293 0 289 0 297 0 561 0 577 0 625 1
297 0 293 0 299 0 577 0 625 0 625 1 629 0
299 0 297 0 625 0 625 1 629 0
305 0 15 0 103 0 273 0 277 0 321 0
321 0 273 0 277 0 281 0 305 0 369 0
369 0 277 0 281 0 283 0 321 0 373 0
373 0 281 0 283 0 287 0 369 0 389 0
389 0 283 0 287 0 289 0 373 0 561 0
463 0 261 0 269 0 471 0 479 0 487 0
471 0 261 0 269 0 463 0 479 0 487 0
479 0 463 0 471 0 487 0 527 0 535 0
487 0 463 0 471 0 479 0 527 0 535 0
527 0 479 0 487 0 531 0 535 0 539 0
531 0 527 0 535 0 539 0 547 0 555 0
535 0 479 0 487 0 527 0 531 0 539 0
539 0 527 0 531 0 535 0 547 0 555 0
547 0 531 0 539 0 555 0 719 0 727 0
555 0 531 0 539 0 547 0 719 0 727 0
561 0 287 0 289 0 293 0 389 0 577 0
577 0 289 0 293 0 297 0 561 0 625 1
625 0 297 0 299 0 629 0 631 0 635 0
625 1 293 0 297 0 299 0 577 0 629 0 635 0
629 0 297 0 299 0 625 0 625 1 631 0 635 0
631 0 625 0 629 0 635 0 655 0 659 0
635 0 625 0 625 1 629 0 631 0 655 0 659 0
655 0 631 0 635 0 659 0 663 0 667 0
659 0 631 0 635 0 655 0 663 0 667 0
663 0 655 0 659 0 665 0 667 0 669 0
665 0 663 0 667 0 669 0 753 0 757 0
667 0 655 0 659 0 663 0 665 0 669 0
669 0 663 0 665 0 667 0 753 0 757 0
719 0 547 0 555 0 727 0 735 0 743 0
727 0 547 0 555 0 719 0 735 0 743 0
735 0 719 0 727 0 743 0 783 0 791 0
743 0 719 0 727 0 735 0 783 0 791 0
753 0 665 0 669 0 757 0 759 0 763 0
757 0 665 0 669 0 753 0 759 0 763 0
759 0 753 0 757 0 763 0 783 1 787 0
763 0 753 0 757 0 759 0 783 1 787 0
783 0 735 0 743 0 787 0 791 0 795 0
783 1 759 0 763 0 787 0 791 0 795 0
787 0 759 0 763 0 783 0 783 1 791 0 795 0
791 0 735 0 743 0 783 0 783 1 787 0 795 0
795 0 783 0 783 1 787 0 791 0
