1 0 0 20 40 60 200 220 240 260 280 300 320 340
5 0 0 200 220 240 260 280 300 320 340
9 0 200 220 240 260 280 300 320 340
11 0 200 220 240 260 280 300 320 340
15 0 200 220 240 260 280 300 320 340
19 0 0 20 40 60 240 260 280 300 320 340
25 0 0 20 40 60 300 320 340
35 0 0
35 1 240 260 280 300
41 0 0
49 0 0 20 40 60 300 320 340
57 0 0 20 40 60 300 320 340
59 0 0 20 40 60 300 320 340
65 0 0
73 0 0
75 0 0
83 0 240 260 280 300
87 0 240 260 280 300
103 0 240 260 280 300
147 0 0 20 40 60 300 320 340
153 0 0 20 40 60 300 320 340
163 0 0
169 0 0
177 0 0 20 40 60 80 100 300 320 340
185 0 0 20 40 60 80 100 120 140 300 320 340
193 0 0
193 1 80 100
201 0 0 20 40 60 80 100 120 140
241 0 80 100
245 0 80 100
249 0 40 60 80 100 120 140
253 0 40 60 80 100 120 140
261 0 80 100
269 0 40 60 80 100 120 140
273 0 200 220 240 260 280 300 320 340
277 0 200 220 240 260 280 300 320 340
281 0 200 220 240 260 280 300 320 340
283 0 200 220 240 260 280 300 320 340
287 0 200 220 240 260 280 300 320 340
289 0 200 220 240 260 280 300 320 340
293 0 200 220 240 260 280 300 320 340
297 0 180 200 220 240 260 280 300 320 340
299 0 140 160 180 200 220 240 260 280 300 320 340
305 0 240 260 280 300
321 0 240 260 280 300
369 0 240 260 280 300
373 0 240 260 280 300
389 0 240 260 280 300
463 0 80 100
471 0 40 60 80 100 120 140
479 0 80 100
487 0 40 60 80 100 120 140
527 0 80 100
531 0 80 100
535 0 40 60 80 100 120 140
539 0 40 60 80 100 120 140
547 0 80 100
555 0 40 60 80 100 120 140
561 0 240 260 280 300
577 0 240 260 280 300
625 0 180
625 1 240 260 280 300
629 0 120 140 160 180 200 220 240 260 280 300
631 0 180
635 0 120 140 160 180 200 220 240
655 0 180
659 0 120 140 160 180 200 220 240
663 0 180
665 0 180
667 0 120 140 160 180 200 220 240
669 0 120 140 160 180 200 220 240
719 0 80 100
727 0 40 60 80 100 120 140
735 0 80 100
743 0 40 60 80 100 120 140
753 0 180
757 0 120 140 160 180 200 220 240
759 0 180
763 0 120 140 160 180 200 220 240
783 0 80 100
783 1 180
787 0 80 100 120 140 160 180 200 220 240
791 0 40 60 80 100 120 140 160 180
795 0 40 60 80 100 120 140 160 180 200 220 240
