1 0 0
5 0 0
9 0 0
11 0 0
15 0 0
19 0 0
25 0 0
35 0 0
35 1 0
41 0 0
49 0 0
57 0 0
59 0 0
65 0 0
73 0 0
75 0 0
83 0 0
87 0 0
103 0 0
147 0 0
153 0 0
163 0 0
169 0 0
177 0 0
185 0 0
193 0 0
193 1 0
201 0 0
241 0 0
245 0 0
249 0 0
253 0 0
261 0 0
269 0 0
273 0 0
277 0 0
281 0 0
283 0 0
287 0 0
289 0 0
293 0 0
297 0 0
299 0 0
305 0 0
321 0 0
369 0 0
373 0 0
389 0 0
463 0 0
471 0 0
479 0 0
487 0 0
527 0 0
531 0 0
535 0 0
539 0 0
547 0 0
555 0 0
561 0 0
577 0 0
625 0 0
625 1 0
629 0 0
631 0 0
635 0 0
655 0 0
659 0 0
663 0 0
665 0 0
667 0 0
669 0 0
719 0 0
727 0 0
735 0 0
743 0 0
753 0 0
757 0 0
759 0 0
763 0 0
783 0 0
783 1 0
787 0 0
791 0 0
795 0 0
