1 0 -0.126526 -0.0956879 0.00250325
5 0 -0.102016 -0.0958546 0.00250244
9 0 -0.0779922 -0.0958546 0.00250244
11 0 -0.0580703 -0.0958545 0.00250244
15 0 -0.0377578 -0.0958546 0.00250244
19 0 -0.126776 -0.0760417 0.00250162
25 0 -0.126776 -0.0558594 0.00250162
35 0 -0.102016 -0.0760417 0.0025
35 1 -0.102016 -0.0760417 0.0025
41 0 -0.102016 -0.0558594 0.0025
49 0 -0.126776 -0.0359375 0.00250162
57 0 -0.126776 -0.0119792 0.00249978
59 0 -0.126776 0.00820312 0.00249838
65 0 -0.102016 -0.0359375 0.0025
73 0 -0.102016 -0.0119792 0.0025
75 0 -0.102016 0.00820312 0.0025
83 0 -0.0779922 -0.0760417 0.0025
87 0 -0.0580703 -0.0760417 0.0025
103 0 -0.0377578 -0.0760417 0.0025
147 0 -0.126776 0.0278646 0.00249838
153 0 -0.126776 0.0480469 0.00249838
163 0 -0.102016 0.0278646 0.0025
169 0 -0.102016 0.0480469 0.0025
177 0 -0.126776 0.0679687 0.00249838
185 0 -0.12661 0.0917867 0.00249729
193 0 -0.102016 0.0679687 0.0025
193 1 -0.102016 0.0679687 0.0025
201 0 -0.102016 0.0918978 0.00249838
241 0 -0.0779922 0.0679687 0.0025
245 0 -0.0580703 0.0679687 0.0025
249 0 -0.0779922 0.0918978 0.00249838
253 0 -0.0580703 0.0918978 0.00249838
261 0 -0.0377578 0.0679687 0.0025
269 0 -0.0377578 0.0918978 0.00249838
273 0 -0.0182266 -0.0958545 0.00250244
277 0 0.00228125 -0.0958546 0.00250244
281 0 0.0259141 -0.0958546 0.00250244
283 0 0.0462266 -0.0958545 0.00250244
287 0 0.0657578 -0.0958546 0.00250244
289 0 0.0860703 -0.0958545 0.00250244
293 0 0.105992 -0.0958546 0.00250244
297 0 0.130016 -0.0958546 0.00250244
299 0 0.15023 -0.0958545 0.00250244
305 0 -0.0182266 -0.0760417 0.0025
321 0 0.00228125 -0.0760417 0.0025
369 0 0.0259141 -0.0760417 0.0025
373 0 0.0462266 -0.0760417 0.0025
389 0 0.0657578 -0.0760417 0.0025
463 0 -0.0182266 0.0679687 0.0025
471 0 -0.0182266 0.0918978 0.00249838
479 0 0.00228125 0.0679687 0.0025
487 0 0.00228125 0.0918978 0.00249838
527 0 0.0259141 0.0679687 0.0025
531 0 0.0462266 0.0679687 0.0025
535 0 0.0259141 0.0918978 0.00249838
539 0 0.0462266 0.0918978 0.00249838
547 0 0.0657578 0.0679687 0.0025
555 0 0.0657578 0.0918978 0.00249838
561 0 0.0860703 -0.0760417 0.0025
577 0 0.105992 -0.0760417 0.0025
625 0 0.130016 -0.0760417 0.0025
625 1 0.130016 -0.0760417 0.0025
629 0 0.15364 -0.0750488 0.00250122
631 0 0.130016 -0.0558594 0.0025
635 0 0.154776 -0.0558594 0.00250162
655 0 0.130016 -0.0359375 0.0025
659 0 0.154776 -0.0359375 0.00250162
663 0 0.130016 -0.0119792 0.0025
665 0 0.130016 0.00820312 0.0025
667 0 0.154776 -0.0119792 0.00249978
669 0 0.154776 0.00820312 0.00249838
719 0 0.0860703 0.0679687 0.0025
727 0 0.0860703 0.0918978 0.00249838
735 0 0.105992 0.0679687 0.0025
743 0 0.105992 0.0918978 0.00249838
753 0 0.130016 0.0278646 0.0025
757 0 0.154776 0.0278646 0.00249838
759 0 0.130016 0.0480469 0.0025
763 0 0.154776 0.0480469 0.00249838
783 0 0.130016 0.0679687 0.0025
783 1 0.130016 0.0679687 0.0025
787 0 0.154776 0.0679687 0.00249838
791 0 0.130016 0.0918978 0.00249838
795 0 0.15461 0.0917867 0.00249729
